frame 1:(118.539,71.9654),(112.607,95.9299),(119.241,170.008),(138.68,240.634),(131.009,260.016),(175.989,268.994),(193.004,257.003)
frame 2:(119.129,71.8988),(113.274,95.9596),(119.578,170.013),(138.899,241.007),(131.234,260.022),(176.031,269.072),(193.129,257.002)
frame 3:(119.729,71.8654),(113.646,95.8399),(119.579,170.012),(138.899,241.007),(131.034,260.017),(176.03,269.073),(193.127,257.035)
frame 4:(120.156,71.6339),(114.089,95.8757),(120.068,170.005),(138.811,241.929),(131.128,260.033),(176.029,269.074),(193.228,257.039)
frame 5:(120.733,71.603),(114.564,95.7282),(120.306,169.998),(138.811,241.929),(131.341,260.114),(176.029,269.073),(193.228,257.039)
frame 6:(121.11,71.762),(114.859,95.8579),(120.431,170.024),(138.874,241.788),(131.206,260.131),(176.061,269.097),(193.258,257.141)
frame 7:(121.588,71.5626),(115.278,95.684),(120.721,170.031),(139.171,240.987),(131.206,260.131),(176.062,269.094),(193.258,257.141)
frame 8:(121.883,71.7551),(115.537,95.689),(120.721,170.031),(139.188,240.862),(131.204,260.132),(176.019,269.227),(193.259,257.17)
frame 9:(122.59,71.5597),(115.846,95.6454),(120.946,169.79),(139.215,241.727),(131.204,260.132),(176.018,269.246),(193.383,257.161)
frame 10:(122.856,71.5631),(116.293,95.664),(121.216,170.002),(138.868,242.25),(131.204,260.131),(175.999,269.262),(193.246,257.21)
frame 11:(123.361,71.6609),(116.555,95.908),(121.211,169.999),(138.868,242.25),(131.204,260.131),(176.003,269.258),(193.246,257.21)
frame 12:(123.597,71.6544),(116.797,95.6071),(121.434,170.01),(138.868,242.25),(131.204,260.131),(176.003,269.258),(193.246,257.21)
frame 13:(123.803,71.7046),(117.049,95.7446),(121.696,170.005),(138.868,242.251),(131.204,260.131),(175.891,269.225),(193.246,257.21)
frame 14:(124.301,71.5387),(117.431,95.7113),(121.696,170.005),(139.171,242.222),(131.188,260.134),(175.891,269.225),(193.246,257.21)
frame 15:(124.306,71.5006),(117.7,95.7097),(121.942,170.244),(138.678,243.1),(131.192,260.139),(175.891,269.225),(193.246,257.21)
frame 16:(124.858,71.7151),(118.031,95.6022),(121.944,170.245),(139.167,242.23),(131.189,260.138),(175.903,269.442),(193.247,257.251)
frame 17:(125.26,71.5955),(118.182,95.7736),(122.181,170.242),(139.08,242.665),(131.208,260.426),(175.884,269.392),(193.25,257.252)
frame 18:(125.643,71.8285),(118.444,95.7686),(122.491,170.241),(139.231,242.151),(131.209,260.426),(175.884,269.405),(193.243,257.344)
frame 19:(125.763,71.8745),(118.8,95.7022),(122.65,170.258),(139.231,242.152),(131.209,260.426),(175.878,269.424),(193.249,257.554)
frame 20:(126.12,71.8826),(119.159,95.7942),(122.704,170.514),(139.231,242.152),(131.209,260.426),(175.878,269.424),(193.248,257.555)
frame 21:(126.448,72.0222),(119.42,95.9125),(122.946,170.515),(139.231,242.152),(131.211,260.432),(176.059,269.575),(193.361,257.611)
frame 22:(126.692,72.1001),(122.263,98.3079),(123.114,170.618),(139.231,242.152),(131.211,260.432),(175.886,269.536),(193.443,257.633)
frame 23:(126.836,72.2706),(123.044,97.3788),(123.116,170.62),(139.01,242.871),(131.211,260.432),(175.937,269.532),(193.442,257.633)
frame 24:(127.161,72.1064),(123.247,97.4639),(123.363,170.884),(139.232,242.219),(131.211,260.432),(175.937,269.532),(193.442,257.633)
frame 25:(127.406,72.2141),(123.645,97.4849),(123.358,170.886),(139.232,242.219),(131.211,260.432),(175.932,269.56),(193.456,257.87)
frame 26:(127.824,72.2125),(123.26,97.9784),(123.651,170.614),(139.232,242.219),(131.211,260.432),(175.931,269.56),(193.445,257.637)
frame 27:(128.053,72.2668),(123.46,98.1054),(123.66,170.711),(139.11,242.994),(131.211,260.431),(175.932,269.56),(193.459,257.874)
frame 28:(128.12,72.2249),(124.282,97.6672),(123.66,170.711),(139.151,242.824),(131.193,260.639),(175.931,269.56),(193.473,257.656)
frame 29:(128.444,72.3572),(124.537,97.6625),(123.904,171.047),(139.106,243.544),(131.193,260.639),(175.877,269.706),(193.463,257.889)
frame 30:(128.866,72.3554),(124.771,97.5779),(123.925,171.043),(139.14,242.854),(131.194,260.639),(175.876,269.704),(193.463,257.888)
frame 31:(129.033,72.4866),(124.252,98.3228),(123.921,171.278),(139.051,240.567),(131.193,260.639),(175.875,269.728),(193.46,257.887)
frame 32:(129.339,72.6188),(125.146,97.3845),(124.211,171.217),(139.141,243.455),(131.194,260.875),(175.927,269.842),(193.685,258.068)
frame 33:(129.6,72.6263),(125.298,97.5357),(124.295,171.411),(139.14,243.455),(131.197,260.879),(175.927,269.842),(193.519,258.071)
frame 34:(129.863,72.6717),(125.035,98.4139),(124.326,171.184),(139.14,243.455),(131.175,260.8),(175.923,269.861),(193.519,258.071)
frame 35:(130.343,72.6617),(124.067,99.537),(124.602,171.442),(139.11,241.172),(130.999,260.79),(175.949,269.897),(193.519,258.071)
frame 36:(130.695,72.8739),(126.277,97.5523),(127.741,172.873),(139.21,243.179),(130.993,260.777),(175.927,269.906),(193.47,258.039)
frame 37:(130.933,72.6345),(126.394,98.0623),(128.317,172.391),(139.426,243.553),(131.206,260.765),(175.811,269.869),(193.469,258.038)
frame 38:(131.175,72.8761),(126.466,97.9791),(127.597,173.369),(139.426,243.553),(130.993,260.777),(175.926,269.906),(193.469,258.038)
frame 39:(131.478,72.8751),(127.287,97.4695),(128.003,172.891),(139.426,243.553),(130.993,260.777),(175.926,269.906),(193.469,258.038)
frame 40:(131.992,72.8839),(127.277,97.7847),(129.102,171),(139.385,243.719),(130.993,260.777),(175.926,269.906),(193.469,258.038)
frame 41:(132.496,72.9057),(127.352,98.515),(129.361,169.808),(139.385,243.719),(130.993,260.777),(175.926,269.906),(193.469,258.038)
frame 42:(132.782,72.9306),(128.087,98.0699),(129.223,169.688),(139.385,243.719),(130.993,260.777),(175.82,269.861),(193.469,258.038)
frame 43:(133.386,72.9077),(128.47,98.7282),(129.533,172.03),(139.387,243.715),(130.993,260.777),(175.879,269.891),(193.469,258.038)
frame 44:(133.821,73.1175),(129.316,97.6563),(129.548,172.023),(139.387,243.715),(130.993,260.777),(175.879,269.891),(193.469,258.038)
frame 45:(134.072,73.1254),(129.212,98.2769),(129.947,172.107),(139.387,243.715),(130.979,260.818),(175.879,269.891),(193.469,258.038)
frame 46:(134.563,73.1208),(129.564,98.4554),(130.195,170.989),(139.387,243.715),(130.979,260.818),(175.894,269.875),(193.469,258.038)
frame 47:(134.827,73.3665),(130.47,97.7157),(130.661,171.493),(139.387,243.715),(130.979,260.818),(175.894,269.875),(193.469,258.038)
frame 48:(135.302,73.3577),(130.934,97.7937),(130.661,171.493),(139.741,242.448),(130.979,260.818),(175.904,269.88),(193.623,258.028)
frame 49:(135.831,73.3545),(131.105,98.0959),(131.058,172.56),(139.55,241.673),(130.977,260.819),(176.128,269.692),(193.584,258.051)
frame 50:(136.299,73.354),(131.736,97.9831),(131.128,171.689),(139.718,243.212),(131.187,260.814),(176.101,269.722),(193.584,258.051)
frame 51:(136.819,73.3568),(131.289,98.6416),(131.438,171.627),(139.631,243.643),(131.19,260.812),(176.083,269.624),(193.584,258.05)
frame 52:(137.297,73.3568),(131.6,99.3187),(131.678,171.652),(139.631,243.643),(130.994,260.564),(176.09,269.456),(193.755,258.014)
frame 53:(137.759,73.4744),(132.443,98.3965),(131.89,171.752),(139.994,242.85),(130.994,260.563),(176.014,269.483),(193.747,257.812)
frame 54:(138.15,73.4799),(132.409,98.8662),(132.207,171.877),(139.993,242.853),(130.993,260.563),(176.014,269.483),(193.747,257.812)
frame 55:(138.402,73.4813),(133.091,98.5026),(132.428,172.135),(139.993,242.853),(130.994,260.563),(176.036,269.457),(193.747,257.812)
frame 56:(138.789,73.4436),(132.473,99.7124),(132.392,172.258),(139.994,242.858),(130.994,260.564),(176.028,269.466),(193.747,257.812)
frame 57:(139.19,73.7391),(132.464,100.25),(132.676,172.003),(139.993,242.836),(130.994,260.37),(176.015,269.531),(193.747,257.812)
frame 58:(139.694,73.571),(133.46,99.7357),(133.242,172.046),(139.993,242.836),(130.972,260.497),(176.015,269.531),(193.753,257.817)
frame 59:(140.105,73.6699),(133.234,100.275),(133.204,171.812),(139.992,242.853),(130.976,260.501),(176.026,269.518),(193.753,257.817)
frame 60:(140.337,73.6799),(133.607,100.381),(133.441,171.912),(139.992,242.853),(130.978,260.499),(176.026,269.518),(193.753,257.816)
frame 61:(140.85,73.9047),(135.136,98.9622),(133.442,172.253),(139.992,242.854),(130.978,260.499),(176.032,269.523),(193.753,257.816)
frame 62:(141.095,73.9111),(135.071,99.4391),(133.441,172.256),(139.985,242.876),(130.978,260.499),(176.032,269.523),(193.753,257.816)
frame 63:(141.343,73.9077),(135.418,99.3499),(133.908,172.082),(139.986,242.885),(130.963,260.508),(176.03,269.526),(193.753,257.816)
frame 64:(141.837,73.9984),(135.805,99.4772),(133.908,172.081),(139.63,240.496),(130.902,260.506),(176.03,269.525),(193.725,257.817)
frame 65:(142.192,73.9872),(136.292,99.4602),(134.457,172.162),(139.63,240.496),(130.965,260.511),(176.03,269.526),(193.725,257.817)
frame 66:(142.616,74.0314),(137.21,97.5193),(133.96,170.951),(139.166,239.435),(130.959,260.438),(176.008,269.544),(193.652,257.805)
frame 67:(142.87,74.2792),(137.22,98.8899),(134.605,171.939),(139.875,240.802),(130.951,260.439),(176.01,269.497),(193.652,257.805)
frame 68:(143.345,74.04),(137.123,99.4883),(134.582,171.836),(139.865,240.575),(131.166,260.44),(176.001,269.512),(193.652,257.805)
frame 69:(143.87,74.277),(138.185,97.6069),(134.582,171.836),(139.878,240.801),(130.96,260.439),(175.995,269.52),(193.652,257.805)
frame 70:(144.112,74.4052),(138.197,98.8869),(135.008,171.839),(139.878,240.802),(130.959,260.434),(176.001,269.512),(193.652,257.805)
frame 71:(144.486,74.4161),(138.232,99.3377),(135.357,172.009),(139.862,240.565),(130.965,260.44),(175.989,269.51),(193.652,257.805)
frame 72:(144.735,74.5693),(138.495,99.3543),(135.01,171.838),(139.88,240.804),(130.965,260.44),(175.995,269.52),(193.652,257.805)
frame 73:(145.351,74.5869),(138.97,99.2736),(135.61,171.818),(140.237,240.875),(130.966,260.441),(175.998,269.519),(193.652,257.805)
frame 74:(145.361,74.6644),(139.538,99.5138),(135.609,171.818),(139.65,240.18),(130.965,260.44),(175.998,269.519),(193.66,257.794)
frame 75:(145.739,74.6779),(139.686,99.6434),(135.79,172.239),(139.882,240.634),(130.965,260.44),(175.998,269.519),(193.782,257.781)
frame 76:(146.234,74.7117),(140.211,99.1913),(135.761,172.525),(139.365,239.612),(130.954,260.447),(175.998,269.519),(193.652,257.808)
frame 77:(146.36,74.7157),(140.377,99.4153),(136.306,172.376),(139.365,239.612),(130.954,260.447),(175.998,269.519),(193.652,257.808)
frame 78:(146.839,74.939),(140.683,99.6573),(136.556,172.457),(139.556,239.801),(130.956,260.442),(175.986,269.517),(193.652,257.808)
frame 79:(147.078,74.9325),(141.242,99.1583),(136.556,172.414),(139.556,239.801),(130.955,260.448),(175.986,269.517),(193.652,257.808)
frame 80:(147.637,74.927),(141.356,99.5923),(136.556,172.414),(139.564,239.797),(130.955,260.448),(175.993,269.506),(193.652,257.808)
frame 81:(147.909,74.9104),(141.863,99.535),(136.757,172.66),(139.792,240.617),(130.955,260.442),(175.908,269.47),(193.652,257.808)
frame 82:(148.34,75.2913),(142.4,98.1522),(136.614,173.434),(140.103,240.633),(130.955,260.441),(175.993,269.506),(193.652,257.808)
frame 83:(148.622,75.2958),(142.003,99.7315),(136.614,173.434),(140.104,240.634),(130.956,260.441),(175.993,269.506),(193.654,257.808)
frame 84:(148.883,75.3409),(142.031,100.434),(137.297,172.697),(139.509,239.946),(130.961,260.446),(175.993,269.506),(193.654,257.808)
frame 85:(149.344,75.3464),(142.281,100.34),(137.561,172.639),(139.509,239.946),(130.963,260.552),(175.981,269.518),(193.654,257.808)
frame 86:(149.609,75.3399),(142.316,100.906),(137.534,172.776),(140.121,240.666),(130.964,260.552),(175.98,269.518),(193.654,257.809)
frame 87:(149.895,75.5615),(142.4,101.091),(137.521,172.814),(140.121,240.666),(130.967,260.546),(175.989,269.535),(193.654,257.808)
frame 88:(150.139,75.5559),(142.472,101.198),(138.044,172.733),(140.113,240.656),(130.983,260.539),(175.989,269.535),(193.649,258.007)
frame 89:(150.637,75.7748),(140.897,102.462),(138.379,172.756),(140.113,240.655),(130.983,260.539),(175.989,269.535),(193.65,258.003)
frame 90:(150.936,75.8822),(138.361,102.304),(138.381,172.757),(139.519,239.937),(130.983,260.539),(176.004,269.577),(193.649,258.003)
frame 91:(151.141,75.9159),(138.605,102.323),(138.395,172.978),(140.125,240.667),(130.975,260.479),(175.938,269.699),(193.649,258.032)
frame 92:(151.385,75.9109),(139.316,102.652),(138.395,172.978),(140.128,240.672),(130.975,260.479),(175.909,269.742),(193.649,258.032)
frame 93:(151.886,76.0838),(139.817,102.563),(138.846,172.771),(140.125,240.669),(130.977,260.485),(175.947,269.715),(193.65,258.031)
frame 94:(152.373,76.0829),(140.148,102.678),(138.879,173.134),(140.04,240.528),(130.976,260.485),(175.904,269.739),(193.526,258.252)
frame 95:(152.627,76.3112),(140.417,102.721),(138.827,173.529),(140.416,240.658),(130.977,260.486),(175.904,269.739),(193.526,258.251)
frame 96:(155.497,79.1157),(141.401,103.214),(138.159,175.059),(140.083,240.572),(131.669,263.685),(175.962,269.815),(193.608,258.209)
frame 97:(155.581,79.2629),(141.632,103.168),(138.362,175.14),(140.083,240.572),(131.688,263.668),(176.077,269.862),(193.609,258.164)
frame 98:(156.208,79.4067),(141.364,102.884),(138.527,175.347),(140.083,240.572),(131.666,263.687),(175.945,269.827),(193.748,258.149)
frame 99:(156.665,79.1319),(141.504,102.867),(138.39,175.611),(140.086,240.575),(131.73,263.635),(175.945,269.826),(193.607,258.203)
frame 100:(156.822,79.4885),(142.482,103.082),(138.39,175.611),(140.019,240.521),(131.7,263.659),(178.408,267.039),(193.62,258.309)
frame 101:(156.86,79.6368),(145.139,103.444),(138.539,175.806),(140.019,240.521),(131.7,263.659),(178.443,267.309),(193.624,258.254)
frame 102:(156.273,80.3872),(142.61,103.011),(138.539,175.806),(140.402,240.678),(131.75,263.62),(177.909,266.534),(193.617,258.224)
frame 103:(156.664,80.3975),(142.842,103.312),(139.115,175.489),(140.402,240.679),(131.707,263.652),(178.153,266.687),(193.61,258.511)
frame 104:(156.489,80.7352),(142.973,103.211),(138.835,175.644),(140.402,240.679),(131.707,263.652),(178.153,266.687),(193.61,258.509)
frame 105:(159.308,78.5954),(143.405,103.296),(139.13,175.645),(140.344,240.542),(131.707,263.652),(178.153,266.687),(193.777,258.506)
frame 106:(159.54,79.2031),(143.707,103.306),(139.599,175.434),(140.343,240.543),(131.587,263.832),(178.152,266.688),(193.633,258.6)
frame 107:(159.625,79.2503),(143.727,103.228),(139.207,176.146),(140.272,240.463),(131.586,263.832),(178.152,266.688),(193.635,258.6)
frame 108:(160.69,77.9847),(143.655,103.136),(139.802,175.446),(140.273,240.465),(130.09,264.817),(177.765,266.455),(193.634,258.6)
frame 109:(161.028,78.3932),(143.485,103.18),(140.183,175.395),(140.273,240.465),(130.286,264.738),(177.473,266.315),(193.625,258.786)
frame 110:(160.111,80.1433),(144.328,103.461),(139.71,175.918),(140.229,240.36),(130.285,264.738),(177.473,266.315),(193.626,258.787)
frame 111:(159.393,81.1869),(144.353,103.38),(139.752,176.259),(140.229,240.36),(130.286,264.738),(177.615,266.631),(193.636,258.816)
frame 112:(161.571,79.4821),(144.486,103.185),(139.724,176.267),(140.229,240.36),(130.118,264.803),(177.615,266.632),(193.638,258.816)
frame 113:(161.201,80.5502),(144.496,103.33),(140.1,176.211),(140.328,240.565),(130.272,264.738),(177.615,266.631),(193.638,258.818)
frame 114:(162.774,78.2829),(144.633,103.28),(140.14,176.286),(140.641,240.919),(130.431,264.654),(177.63,266.991),(193.649,258.884)
frame 115:(162.858,77.7977),(145.383,103.402),(140.23,176.55),(140.556,240.699),(130.583,264.294),(178.281,267.369),(193.657,258.899)
frame 116:(163.948,77.8045),(145.805,103.641),(140.407,176.464),(140.647,240.979),(129.556,264.781),(178.281,267.369),(193.658,258.9)
frame 117:(163.285,79.8598),(145.929,103.27),(140.338,176.724),(140.647,240.978),(129.556,264.781),(178.281,267.369),(193.66,258.967)
frame 118:(162.205,81.4635),(146.424,103.62),(140.348,176.717),(140.628,240.93),(130.572,264.3),(178.016,267.361),(193.622,258.98)
frame 119:(163.062,81.1715),(146.56,103.534),(140.5,176.758),(140.628,240.93),(130.724,264.202),(178.016,267.361),(193.62,258.975)
frame 120:(163.222,81.437),(146.804,103.436),(140.694,176.772),(140.742,241.412),(132.328,263.334),(178.279,267.367),(193.688,259)
frame 121:(161.235,82.5989),(147.533,103.523),(141.086,176.504),(140.629,240.935),(132.328,263.334),(178.301,267.358),(193.688,259)
frame 122:(161.426,82.5631),(147.588,103.445),(141.109,176.489),(140.777,240.611),(132.328,263.334),(178.399,267.708),(193.698,259.027)
frame 123:(162.346,82.6012),(148.397,103.568),(141.61,176.483),(140.777,240.611),(132.328,263.334),(178.314,267.354),(193.697,259.003)
frame 124:(162.288,82.6061),(148.6,103.553),(142.275,176.406),(140.79,240.624),(132.317,263.031),(178.358,267.675),(193.697,259.004)
frame 125:(161.559,82.4903),(148.557,103.425),(142.337,176.394),(140.79,240.626),(132.317,263.032),(178.307,267.393),(193.713,258.982)
frame 126:(159.646,80.8329),(149.114,103.302),(142.447,176.316),(140.797,240.403),(131.299,263.588),(178.202,267.253),(193.769,258.983)
frame 127:(160.582,81.365),(148.258,101.567),(142.634,176.461),(140.878,240.323),(131.112,263.663),(178.247,267.289),(193.769,258.983)
frame 128:(161.354,81.6136),(148.636,101.432),(143.202,175.686),(140.878,240.324),(131.112,263.663),(178.349,267.415),(193.641,258.999)
frame 129:(161.633,82.0041),(149.221,101.462),(143.488,175.726),(140.878,240.324),(131.203,263.429),(178.226,267.264),(193.769,258.983)
frame 130:(161.87,81.7668),(149.5,101.697),(143.651,175.639),(141.215,240.447),(131.203,263.429),(178.226,267.264),(193.774,258.984)
frame 131:(162.132,81.4279),(149.641,101.635),(143.302,176.292),(140.964,239.803),(131.203,263.429),(178.226,267.264),(193.774,258.985)
frame 132:(162.693,81.7713),(150.234,101.697),(143.817,176.269),(141.135,240.244),(131.288,263.533),(178.226,267.264),(193.638,258.999)
frame 133:(163.617,82.1657),(150.706,101.54),(145.382,173.997),(140.87,239.732),(131.035,263.621),(178.251,267.281),(193.777,258.985)
frame 134:(165.449,82.7489),(151.243,101.735),(145.061,171.321),(140.87,239.732),(131.035,263.621),(178.251,267.282),(193.729,259.044)
frame 135:(164.333,81.8851),(151.71,101.723),(145.039,171.297),(141.161,239.935),(131.424,262.917),(178.234,267.27),(193.729,259.045)
frame 136:(164.232,81.3498),(151.661,100.845),(143.27,169.538),(141.178,239.957),(131.437,262.911),(177.727,267.129),(193.845,259.273)
frame 137:(165.569,82.3178),(152.386,100.836),(145.17,170.761),(141.178,239.958),(131.376,262.753),(177.727,267.129),(193.845,259.272)
frame 138:(167.673,83.0958),(152.442,101.185),(144.243,169.709),(141.644,241.017),(131.666,262.738),(177.746,267.141),(193.844,259.272)
frame 139:(168.333,83.0551),(153.172,100.726),(144.454,169.663),(141.244,239.611),(131.321,262.604),(177.745,267.141),(193.721,259.286)
frame 140:(166.225,80.8223),(153.374,101),(144.602,169.636),(141.436,239.896),(131.523,262.573),(177.745,267.141),(193.721,259.286)
frame 141:(166.995,81.4941),(154.117,100.917),(144.862,169.626),(141.335,239.08),(131.444,262.376),(178.113,267.631),(193.733,259.309)
frame 142:(167.529,81.6123),(154.398,101.318),(145.042,169.329),(141.036,238.756),(131.602,262.255),(178.113,267.631),(193.749,259.329)
frame 143:(167.719,81.2977),(155.174,101.402),(145.517,169.708),(141.029,238.39),(131.59,262.262),(178.113,267.631),(193.75,259.329)
frame 144:(168.4,81.916),(155.522,101.585),(146.224,169.94),(141.016,238.633),(131.728,261.885),(178.167,267.715),(193.749,259.33)
frame 145:(168.4,81.9161),(155.522,101.585),(146.224,169.94),(141.016,238.633),(132,261.8),(178.167,267.715),(193.749,259.329)
frame 146:(169.698,82.6477),(155.991,101.404),(146.547,169.976),(141.348,238.665),(132.431,261.724),(177.582,267.492),(193.691,259.321)
frame 147:(169.293,81.242),(156.489,101.493),(147.012,169.924),(141.354,238.375),(132.431,261.724),(177.659,267.55),(193.664,259.332)
frame 148:(170.458,82.3609),(156.975,101.382),(146.906,169.848),(141.774,238.988),(132.299,261.551),(177.659,267.55),(193.658,259.59)
frame 149:(170.841,82.1619),(157.567,101.719),(147.559,169.73),(141.716,238.888),(132.398,260.965),(177.661,267.504),(193.658,259.59)
frame 150:(171.257,81.5829),(158.159,101.722),(148.928,170.854),(141.321,238.216),(131.326,261.557),(177.335,267.194),(193.756,259.611)
frame 151:(171.661,81.2499),(158.6,101.509),(149.153,170.768),(141.738,238.317),(130.903,261.46),(177.412,267.511),(193.821,259.613)
frame 152:(172.52,81.4851),(159.664,102.309),(149.394,170.559),(141.697,238.22),(131.458,261.334),(177.412,267.511),(193.966,259.831)
frame 153:(172.87,81.1504),(159.985,101.793),(150.024,170.74),(142.006,238.091),(131.591,261.024),(177.412,267.511),(193.814,259.846)
frame 154:(173.73,81.5427),(160.632,102.222),(150.148,170.527),(142.054,238.131),(131.545,261.068),(177.542,267.495),(193.952,259.775)
frame 155:(173.983,80.8017),(161.02,101.582),(150.348,170.422),(141.776,237.275),(131.348,260.942),(177.501,267.501),(193.952,259.775)
frame 156:(175.097,82.0869),(161.738,101.535),(150.759,169.982),(142.363,237.958),(131.361,260.764),(177.359,267.502),(193.994,259.708)
frame 157:(175.797,81.9825),(162.537,101.77),(151.232,169.986),(142.572,237.685),(132.308,260.302),(177.388,267.473),(193.993,259.708)
frame 158:(176.141,81.7161),(162.742,101.419),(151.21,169.738),(142.517,237.362),(132.325,260.003),(177.426,267.498),(193.85,259.723)
frame 159:(177.592,82.0923),(163.585,101.634),(151.747,169.743),(142.943,237.769),(132.167,259.862),(177.426,267.498),(193.993,259.708)
frame 160:(178.41,82.1611),(164.024,101.343),(152.255,169.848),(142.497,236.619),(132.957,258.988),(177.423,267.538),(193.99,259.692)
frame 161:(179.555,82.0911),(164.726,101.139),(152.983,172.296),(142.59,236.326),(133.318,258.956),(177.423,267.538),(193.99,259.692)
frame 162:(179.646,81.6263),(165.536,101.337),(153.274,172.421),(142.748,236.173),(132.397,258.521),(177.538,267.629),(193.99,259.692)
frame 163:(180.443,81.6332),(166.27,101.093),(153.651,171.32),(143.358,236.468),(132.359,258.436),(177.561,267.626),(193.972,259.694)
frame 164:(181.332,82.1542),(166.871,100.575),(153.963,171.624),(143.396,236.32),(133.466,257.553),(177.617,267.671),(193.971,259.694)
frame 165:(183.15,82.2469),(167.417,100.331),(154.483,171.514),(143.597,236.164),(132.454,257.357),(178.076,268.273),(193.971,259.694)
frame 166:(183.188,81.9349),(168.151,100.239),(154.894,170.493),(143.749,236.875),(133.09,257.179),(178.073,268.269),(193.971,259.695)
frame 167:(183.429,81.3395),(168.831,99.6714),(155.232,171.102),(143.978,236.319),(132.698,257.19),(177.454,267.269),(194.083,259.444)
frame 168:(184.543,81.2285),(169.556,99.7212),(155.786,170.538),(143.956,236.102),(132.731,256.895),(177.454,267.269),(194.084,259.446)
frame 169:(185.684,81.0853),(170.387,99.4074),(156.393,170.124),(143.624,234.393),(132.841,256.302),(177.455,267.27),(194.086,259.449)
frame 170:(186.528,81.1957),(171.162,99.4095),(156.641,170.011),(143.103,233.136),(132.849,255.81),(177.313,266.838),(194.084,259.479)
frame 171:(187.739,81.3164),(172.16,99.5209),(156.785,170.391),(143.309,232.765),(132.741,255.667),(177.298,267.025),(193.997,259.468)
frame 172:(188.698,80.884),(173.156,99.2964),(157.601,169.233),(142.447,231.457),(132.775,255.199),(177.303,266.856),(194.157,259.464)
frame 173:(189.423,80.9305),(174.142,98.1641),(157.923,168.584),(144.335,233.312),(133.97,253.74),(177.337,266.615),(194.168,259.253)
frame 174:(190.56,80.855),(175.107,97.8422),(158.559,168.623),(144.365,232.308),(134.149,252.815),(177.337,266.615),(194.198,259.242)
frame 175:(191.596,80.8115),(175.858,97.4681),(159.16,167.799),(144.293,231.634),(133.493,253.103),(177.679,266.728),(194.382,259.237)
frame 176:(192.553,80.3229),(176.888,97.2637),(159.544,168.011),(144.456,231.181),(133.83,252.528),(178.093,267.256),(194.413,259.312)
frame 177:(193.719,80.49),(177.909,97.3375),(160.307,167.911),(144.893,230.771),(134.158,251.812),(178.087,267.25),(194.413,259.312)
frame 178:(195.083,80.0354),(179.155,96.5261),(160.938,168.262),(144.957,230.235),(134,251.339),(178.074,267.266),(194.516,259.493)
frame 179:(196.053,79.9636),(181.045,94.7835),(161.555,166.96),(145.819,231.382),(133.825,250.746),(178.074,267.266),(194.535,259.542)
frame 180:(197.175,79.5626),(182.354,94.4267),(162.085,167.062),(145.822,230.864),(134.16,250.234),(178.111,267.02),(194.707,259.699)
frame 181:(198.581,79.72),(183.852,93.8662),(162.138,167.503),(146.29,230.002),(134.351,249.994),(178.191,266.763),(194.774,259.821)
frame 182:(200.192,79.8407),(184.813,93.9079),(162.826,167.507),(146.178,231.856),(133.746,249.506),(178.191,266.763),(195.002,259.821)
frame 183:(201.57,79.7836),(186.158,93.7067),(163.808,166.549),(145.572,233.156),(133.669,248.773),(178.118,266.505),(195.084,259.846)
frame 184:(202.875,79.5431),(187.191,93.2296),(164.394,166.238),(145.935,232.507),(133.658,248.398),(178.284,266.654),(195.227,260.082)
frame 185:(204.303,79.4056),(187.567,93.7058),(165.228,165.607),(146.346,232.13),(133.795,247.655),(178.327,266.504),(195.464,260.126)
frame 186:(205.493,79.0852),(188.375,95.3025),(165.89,165.191),(146.256,231.528),(133.926,247.054),(178.194,266.476),(195.676,260.451)
frame 187:(207.115,78.8411),(189.797,95.0685),(167.322,163.861),(146.37,230.765),(134.325,246.286),(178.194,266.476),(195.745,260.51)
frame 188:(208.948,78.7078),(191.74,92.6368),(167.146,164.461),(146.657,230.205),(134.558,245.264),(178.139,266.2),(195.955,260.789)
frame 189:(210.371,78.4316),(192.36,94.4003),(168.232,163.589),(147.164,229.602),(134.704,244.747),(178.185,265.941),(196.111,261.017)
frame 190:(211.6,78.3296),(193.727,93.9852),(168.256,164.012),(147.547,228.858),(134.953,243.737),(177.606,265.044),(196.268,261.313)
frame 191:(213.11,77.9006),(195.805,91.5789),(171.078,161.307),(147.185,228.088),(135.43,242.981),(178.218,266.062),(196.505,261.685)
frame 192:(214.503,77.6204),(196.801,93.091),(172.119,159.226),(147.795,227.408),(135.641,241.731),(178.116,265.653),(196.923,261.917)
frame 193:(216.303,77.6641),(198.199,92.6469),(173.056,160.324),(148.632,226.558),(135.955,241.13),(178.121,265.501),(196.978,262.197)
frame 194:(217.978,77.4142),(199.85,91.6295),(172.685,161.309),(148.475,225.97),(136.259,240.434),(178.481,265.69),(196.965,262.588)
frame 195:(219.619,77.5331),(201.113,92.3153),(173.596,160.396),(147.692,225.427),(136.386,239.809),(178.109,264.461),(197.154,262.798)
frame 196:(221.533,77.5306),(202.346,92.8899),(174.742,159.73),(149.638,224.761),(136.947,238.718),(178.184,264.781),(197.459,262.966)
frame 197:(222.682,76.7864),(203.821,92.3287),(176.15,159.033),(150.37,223.752),(137.19,237.69),(178.407,264.552),(198.133,263.234)
frame 198:(224.068,76.3258),(205.526,92.0177),(177.559,157.928),(150.432,223.297),(137.84,236.982),(178.468,264.13),(198.357,263.49)
frame 199:(226.617,76.8671),(206.908,92.1101),(178.493,157.65),(151.508,222.761),(138.35,236.273),(178.424,263.877),(198.508,263.941)
frame 200:(228.338,76.7753),(208.699,89.7988),(179.503,157.039),(152.335,221.742),(138.833,235.19),(178.231,263.655),(198.594,264.022)
frame 201:(229.983,76.4894),(212.911,86.7982),(180.457,156.702),(152.44,221.299),(139.295,234.26),(179.151,264.022),(198.584,264.233)
frame 202:(231.594,76.2513),(214.531,86.4272),(181.58,156.032),(153.47,220.574),(140.067,233.225),(178.738,263.599),(198.585,264.232)
frame 203:(233.321,75.6671),(216.213,86.1046),(182.62,155.27),(154.125,219.794),(140.76,232.407),(178.651,263.826),(198.785,264.425)
frame 204:(235.317,75.655),(217.889,85.8074),(184.221,154.652),(154.848,218.917),(141.562,231.603),(178.713,263.714),(198.825,264.234)
frame 205:(236.689,74.6298),(219.586,85.4094),(185.757,153.821),(155.661,218.229),(142.349,230.418),(176.454,266.89),(198.975,264.445)
frame 206:(238.326,74.3292),(221.307,85.4128),(186.963,153.107),(156.6,217.466),(143.049,229.073),(177.217,267.407),(199.186,264.37)
frame 207:(240.023,74.2415),(224.082,84.7274),(187.758,152.782),(158.042,216.332),(143.923,227.953),(177.393,267.666),(199.392,264.363)
frame 208:(241.905,74.1112),(224.495,84.7435),(189.335,152.027),(158.501,215.689),(141.783,225.805),(176.953,267.453),(199.392,264.362)
frame 209:(243.666,74.1316),(226.985,84.3514),(190.838,151.356),(159.559,214.675),(142.437,223.912),(177.064,267.451),(199.41,264.36)
frame 210:(245.844,73.6901),(228.419,84.3967),(192.469,150.574),(161.309,213.808),(143.319,221.284),(174.486,264.522),(199.609,264.318)
frame 211:(248.347,74.105),(229.637,84.5671),(194.057,149.72),(161.462,213.534),(144.338,219.644),(175.098,264.629),(199.644,264.29)
frame 212:(249.587,73.5624),(231.996,84.1299),(196.165,148.322),(162.42,212.539),(145.421,218.601),(174.889,264.494),(199.601,264.058)
frame 213:(252.294,73.5309),(234.815,83.3499),(197.438,147.502),(163.22,211.543),(146.407,215.607),(175.158,264.258),(199.641,264.036)
frame 214:(254.39,73.4046),(236.561,83.2477),(198.962,147.302),(163.643,210.719),(147.463,213.95),(175.411,264.711),(199.564,263.842)
frame 215:(256.664,73.3794),(240.578,82.5783),(200.775,146.187),(164.336,209.463),(148.273,212.71),(176.255,265.665),(199.641,263.585)
frame 216:(260.481,75.0074),(241.847,82.4524),(201.724,146.792),(164.626,208.417),(151.185,209.459),(177.177,264.962),(199.669,263.348)
frame 217:(262.467,74.5251),(244.498,82.1797),(202.724,146.415),(166.962,206.952),(152.27,208.183),(178.463,263.643),(199.719,262.639)
frame 218:(264.65,74.4875),(246.589,81.9238),(204.331,145.721),(168.075,205.972),(153.359,206.704),(178.743,262.727),(199.932,262.128)
frame 219:(267.451,74.3),(248.763,81.8843),(205.575,145.246),(168.951,204.896),(154.427,205.33),(178.883,262.134),(200.004,261.727)
frame 220:(269.631,74.5995),(251.865,81.3123),(209.036,143.563),(170.489,203.904),(156.361,203.563),(179.274,261.157),(200.5,261.171)
frame 221:(271.65,74.4002),(255.618,81.6177),(210.349,143.164),(172.228,203.302),(157.614,202.4),(180.652,259.059),(200.549,260.717)
frame 222:(274.377,74.2496),(258.158,81.448),(212.437,142.741),(173.418,201.804),(159.178,201.078),(180.697,258.537),(201.06,260.069)
frame 223:(277.218,74.0964),(260.68,81.1943),(215.234,141.439),(175.32,200.604),(161.009,199.44),(181.666,257.372),(201.527,259.275)
frame 224:(279.238,73.7568),(264.239,81.6084),(217.208,140.927),(176.422,199.377),(162.16,197.706),(182.249,256.252),(201.937,258.846)
frame 225:(282.261,73.6291),(266.562,81.2495),(219.344,140.309),(178.077,198.127),(164.121,196.429),(183.041,255.008),(202.622,258.123)
frame 226:(284.524,73.1162),(269.024,80.7581),(221.536,139.859),(179.648,196.985),(165.817,195.232),(185.467,252.011),(203.187,257.544)
frame 227:(287.279,73.0943),(271.555,80.4408),(223.49,139.476),(181.662,195.985),(167.619,193.719),(186.265,250.19),(203.857,256.823)
frame 228:(289.291,72.1628),(274.71,80.2307),(226.338,138.367),(183.405,194.971),(169.005,192.664),(187.263,249.267),(204.656,256.284)
frame 229:(291.419,69.7505),(277.425,79.9476),(228.424,137.53),(185.39,193.98),(171.419,191.33),(188.271,248.166),(205.283,255.573)
frame 230:(294.245,69.4821),(280.18,79.5173),(230.503,137.717),(187.097,193.352),(173.476,190.263),(189.23,248.176),(206.478,254.882)
frame 231:(296.938,69.9404),(282.653,79.1254),(233.065,136.376),(188.732,192.282),(175.29,189.104),(190.255,247.128),(207.388,254.16)
frame 232:(299.768,70.1103),(285.444,78.8436),(235.257,136.696),(191.12,191.398),(177.113,187.593),(191.407,246.208),(208.508,253.389)
frame 233:(302.846,67.5037),(287.884,78.5806),(237.894,135.471),(193.266,190.444),(179.395,186.398),(192.562,245.28),(209.733,252.742)
frame 234:(305.311,67.5018),(290.026,77.6189),(239.461,135.439),(194.754,189.64),(181.346,185.124),(194.076,244.198),(211.17,252.011)
frame 235:(307.931,67.6136),(291.744,76.9203),(241.616,135.275),(197.088,188.654),(183.514,184.139),(195.269,244.094),(212.678,251.456)
frame 236:(310.653,67.6162),(294.247,76.9212),(244.351,134.622),(199.024,187.921),(185.393,183.443),(197.158,242.211),(213.884,250.742)
frame 237:(313.394,67.2934),(296.816,76.6547),(246.546,134.318),(201.318,187.165),(187.591,182.462),(198.831,241.538),(215.222,250.04)
frame 238:(315.831,67.602),(299.545,76.4193),(248.827,134.064),(203.27,186.433),(189.931,181.704),(200.682,240.78),(216.986,249.475)
frame 239:(318.267,67.7494),(302.397,76.1961),(251.374,133.75),(204.282,185.384),(192.307,181.295),(202.72,240.253),(218.77,249.012)
frame 240:(320.746,67.7101),(304.104,75.7137),(253.914,133.312),(207.012,185.252),(194.677,180.843),(205.087,236.735),(220.625,248.476)
frame 241:(323.265,67.4883),(307.355,75.1254),(256.345,133.143),(209.291,184.591),(196.802,180.534),(207.243,236.593),(222.995,248.222)
frame 242:(325.761,67.2391),(310.085,75.116),(258.541,132.749),(211.502,184.1),(199.468,180.156),(209.364,235.713),(225.46,247.993)
frame 243:(328.617,66.0616),(312.11,74.7257),(260.709,132.323),(213.986,183.794),(201.651,180.159),(211.656,235.51),(227.674,247.747)
frame 244:(330.824,66.5183),(314.617,74.5011),(263.319,131.992),(216.45,183.697),(204.241,180.146),(214.053,235.156),(230.395,247.443)
frame 245:(333.484,66.1777),(316.649,74.5823),(265.706,132.321),(218.437,183.434),(206.649,180.135),(216.784,234.915),(233.129,247.424)
frame 246:(335.987,65.9488),(320.306,74.298),(266.894,132.047),(222.167,183.703),(208.676,180.571),(219.188,234.682),(235.842,247.378)
frame 247:(338.499,65.7131),(322.884,74.0766),(270.341,132.022),(224.168,183.698),(211.255,180.567),(220.63,232.696),(238.975,247.338)
frame 248:(340.872,65.2349),(324.868,74.0155),(272.089,131.871),(227.314,183.974),(213.588,181.349),(223.513,232.42),(241.706,247.126)
frame 249:(343.356,65.234),(327.825,74.0631),(275.598,131.958),(229.334,184.249),(215.824,181.856),(224.581,232.513),(244.903,247.332)
frame 250:(345.729,65.08),(329.97,74.0112),(277.605,131.852),(231.361,184.482),(218.526,182.763),(227.573,232.776),(248.182,247.236)
frame 251:(348.201,64.8206),(332.967,73.7544),(279.945,132.459),(234.361,185.011),(221.459,183.48),(230.656,233.284),(251.44,247.742)
frame 252:(352.183,67.515),(334.665,73.4809),(283.074,132.474),(237.064,185.539),(223.96,184.45),(233.987,233.679),(254.987,247.869)
frame 253:(353.772,66.5737),(337.37,73.5415),(285.529,132.912),(237.964,185.399),(226.778,185.435),(236.44,234.655),(258.204,248.317)
frame 254:(356.592,67.1828),(339.48,73.5091),(287.863,133.14),(240.521,185.338),(229.198,186.339),(241.04,235.192),(261.74,248.578)
frame 255:(358.806,66.5364),(342.494,73.518),(291.051,133.014),(243.254,186.116),(231.793,187.32),(245.248,235.772),(265.233,249.082)
frame 256:(361.732,67.2509),(344.475,73.2728),(292.749,133.631),(246.027,186.74),(234.704,188.563),(248.694,236.503),(268.988,249.555)
frame 257:(363.404,66.3629),(346.662,73.7359),(295.474,134.43),(249.047,187.763),(237.456,189.804),(252.493,237.315),(272.7,250.312)
frame 258:(366.888,66.9704),(349.008,73.5028),(298.214,134.579),(251.698,188.716),(240.482,191.132),(256.188,238.464),(276.432,250.835)
frame 259:(368.595,66.3407),(351.263,73.6327),(300.392,135.43),(256.441,191.734),(243.429,192.671),(260.024,239.306),(280.706,251.42)
frame 260:(370.362,66.142),(353.471,73.6352),(304.272,135.707),(259.21,192.965),(245.898,194.135),(264.098,240.106),(284.522,251.686)
frame 261:(373.43,66.1919),(355.653,73.6381),(306.972,136.511),(262.41,194.302),(248.932,195.323),(267.946,241.096),(288.56,252.56)
frame 262:(376.395,66.5512),(358.257,73.6514),(309.627,137.256),(265.694,195.597),(252.055,197.117),(272.543,242.307),(292.867,253.267)
frame 263:(378.81,66.6647),(360.456,74.2521),(311.176,138.127),(268.238,196.954),(255.201,199.128),(276.752,243.092),(297.14,254.013)
frame 264:(379.404,65.2038),(362.609,74.2525),(313.086,139.228),(271.3,198.356),(258.514,201.032),(281.331,244.314),(301.531,254.798)
frame 265:(381.764,65.012),(365.745,74.2513),(315.723,139.913),(274.461,199.763),(261.664,202.404),(285.66,245.312),(305.812,255.513)
frame 266:(383.888,65.1541),(368.441,74.3696),(319.346,140.817),(277.751,201.336),(264.877,204.198),(290.601,246.584),(310.069,256.478)
frame 267:(386.272,65.295),(369.668,74.7283),(321.64,141.937),(280.871,202.48),(268.235,206.213),(294.704,247.873),(314.521,257.248)
frame 268:(388.275,65.2814),(372.297,74.7137),(324.512,142.761),(284.614,204.389),(271.809,208.103),(299.63,249.172),(318.851,254.706)
frame 269:(390.475,65.4941),(375.391,75.103),(327.404,143.646),(287.743,205.69),(275.308,210.213),(303.8,250.557),(323.427,255.635)
frame 270:(392.382,65.4168),(376.59,75.4815),(330.17,144.654),(291.399,207.61),(278.785,211.767),(308.456,251.572),(328.449,256.392)
frame 271:(394.382,65.4165),(378.888,75.8342),(331.864,145.513),(294.92,209.071),(282.484,213.996),(312.342,252.783),(332.756,257.202)
frame 272:(396.387,65.4159),(380.59,76.1677),(336.077,147.011),(298.496,211.087),(286.36,216.314),(316.408,254.14),(337.705,258.266)
frame 273:(398.797,66.0949),(384.421,76.7185),(338.657,147.968),(302.358,212.821),(290.308,218.117),(320.953,255.37),(342.223,259.203)
frame 274:(400.742,66.0342),(386.212,77.031),(342.076,149.307),(305.677,214.28),(293.995,220.205),(325.763,256.357),(346.828,259.89)
frame 275:(402.728,66.0185),(389.377,78.3599),(345.328,150.302),(309.637,216.255),(297.772,222.276),(330.85,257.901),(351.429,260.521)
frame 276:(403.797,65.4448),(391.337,78.7061),(348.724,151.383),(314.012,217.923),(301.981,224.866),(337.201,258.751),(356.868,261.504)
frame 277:(406.707,66.6312),(393.739,79.1861),(353.069,151.713),(317.491,219.541),(306.793,227.093),(342.484,260.141),(361.841,262.514)
frame 278:(407.728,65.3436),(395.695,79.694),(355.677,153.285),(321.549,221.568),(310.461,229.295),(348.707,261.518),(366.919,263.093)
frame 279:(409.467,65.5191),(398.22,80.3443),(356.49,155.065),(325.535,223.38),(314.807,231.34),(353.994,262.728),(373.949,262.479)
frame 280:(411.109,66.0611),(400.505,80.9303),(358.646,155.89),(329.815,225.52),(317.386,232.527),(358.858,264.18),(378.719,263.654)
frame 281:(412.868,65.4634),(401.377,80.5767),(361.724,156.876),(333.822,226.85),(322.474,235.091),(364.39,265.403),(382.531,265.463)
frame 282:(415.589,67.2124),(403.339,81.0043),(363.852,157.774),(338.01,228.689),(326.575,237.045),(369.721,266.573),(387.649,266.134)
frame 283:(417.602,67.7272),(405.217,81.3757),(366.441,158.9),(341.686,230.59),(330.184,239.112),(375.191,267.299),(392.978,266.895)
frame 284:(417.769,65.7733),(407.312,81.9637),(370.412,160.443),(343.737,229.747),(332.589,241.29),(380.325,268.685),(398.07,267.765)
frame 285:(419.837,67.4362),(410.521,83.7032),(373.314,161.661),(348.169,232.493),(337.551,243.387),(385.859,269.455),(403.639,268.426)
frame 286:(421.714,67.8505),(411.239,82.9705),(376.894,163.172),(351.656,233.381),(341.555,244.97),(391.576,270.758),(408.403,268.864)
frame 287:(423.369,68.1422),(413.436,83.2975),(380.255,164.173),(356.649,235.766),(346.611,246.876),(397.684,272.251),(414.041,269.577)
frame 288:(424.647,67.7795),(415.024,83.932),(382.889,164.859),(361.193,237.758),(350.64,248.544),(403.392,273.184),(419.314,270.065)
frame 289:(426.193,68.0864),(416.971,83.9114),(386.251,165.895),(365.609,239.254),(355.364,250.543),(408.826,274.146),(424.681,270.741)
frame 290:(427.675,68.3467),(418.84,84.4803),(389.12,167.058),(370.472,240.716),(359.492,252.127),(414.345,274.876),(429.994,271.116)
frame 291:(428.997,68.2424),(420.538,84.9841),(391.905,167.674),(375.102,242.17),(364.573,253.78),(419.097,275.49),(435.31,271.488)
frame 292:(430.599,69.2936),(422.41,85.4997),(395.241,168.703),(377.419,241.126),(370.876,255.156),(425.06,276.373),(440.865,272.074)
frame 293:(432.69,70.0782),(423.974,85.9171),(398.248,169.691),(381.778,241.453),(375.984,256.941),(430.403,276.732),(446.334,272.116)
frame 294:(433.641,70.0143),(425.884,86.256),(401.072,170.616),(386.286,242.692),(380.402,258.41),(435.992,277.549),(450.779,272.793)
frame 295:(434.995,70.3978),(427.516,86.9734),(404.285,171.32),(390.475,243.919),(386.65,260.09),(441.605,278.159),(456.795,272.551)
frame 296:(436.637,71.1086),(428.524,87.0483),(407.736,172.354),(395.852,244.734),(390.816,261.18),(446.903,278.682),(461.847,273.024)
frame 297:(437.656,71.1385),(429.71,87.8109),(410.582,173.181),(402.697,243.06),(395.758,262.457),(452.612,279.168),(467.961,273.304)
frame 298:(438.743,71.2203),(430.533,88.0948),(413.394,173.397),(407.313,243.801),(399.39,263.67),(458.759,280.087),(473.104,273.47)
frame 299:(439.711,71.4534),(434.165,88.829),(416.867,174.33),(411.645,244.829),(403.802,264.487),(464.218,280.121),(477.951,273.214)
frame 300:(440.944,71.8612),(434.054,88.9618),(419.74,174.745),(416.433,246.064),(406.835,266.396),(469.775,280.466),(483.2,272.645)
frame 301:(441.985,71.9276),(436.021,89.4596),(422.951,175.846),(420.641,247.288),(411.827,267.382),(472.438,279.53),(488.376,272.721)
frame 302:(442.974,72.1661),(437.326,89.7143),(426.031,176.27),(425.648,247.429),(416.596,268.16),(477.545,279.521),(493.432,272.725)
frame 303:(443.969,72.4331),(438.765,90.012),(428.814,176.491),(432.363,247.975),(421.983,268.758),(483.312,279.564),(498.534,272.371)
frame 304:(445.448,73.1589),(440.425,90.4952),(431.774,177.112),(437.349,248.656),(427.595,269.322),(488.507,279.574),(503.581,272.467)
frame 305:(447.422,74.0263),(441.939,91.2568),(435.574,178.103),(441.247,248.923),(431.903,269.775),(493.625,279.315),(507.821,271.586)
frame 306:(446.73,72.8648),(443.299,91.0146),(438.584,178.454),(446.904,249.601),(436.291,270.757),(498.119,279.079),(511.263,272.764)
frame 307:(448.592,74.1772),(441.79,92.5661),(441.743,179.346),(451.819,250.006),(441.078,271.252),(501.589,279.135),(516.96,272.233)
frame 308:(449.462,74.2936),(443.798,92.474),(444.724,179.539),(456.126,250.211),(445.573,271.493),(506.717,278.697),(521.544,271.435)
frame 309:(451.5,75.3599),(444.429,93.4928),(446.947,179.438),(459.55,250.565),(450.759,272.38),(512.904,278.202),(526.489,270.51)
frame 310:(452.344,75.523),(445.036,94.1015),(449.654,179.619),(463.451,251.051),(455.446,272.243),(518.37,277.898),(531.204,269.785)
frame 311:(453.19,76.0938),(449.389,92.7992),(452.73,179.941),(466.874,251.06),(459.612,272.653),(523.119,277.369),(535.905,268.884)
frame 312:(454.146,76.3041),(450.213,93.1322),(455.558,180.174),(471.348,251.044),(464.206,272.888),(526.003,277.516),(538.862,267.79)
frame 313:(454.944,76.4517),(450.629,93.7964),(457.937,180.331),(475.261,251.051),(468.606,273.206),(530.797,276.675),(543.302,267.072)
frame 314:(455.996,76.6778),(451.649,94.0737),(460.911,180.297),(479.259,251.051),(472.863,273.173),(535.519,276.271),(547.172,266.643)
frame 315:(457.154,77.3147),(453.355,94.3699),(463.833,180.691),(483.565,251.06),(476.583,273.661),(541.683,275.148),(551.454,265.905)
frame 316:(458.275,77.3469),(453.309,95.8958),(466.474,181.057),(487.309,251.074),(480.425,273.574),(544.44,274.806),(555.387,265.154)
frame 317:(459.292,77.7924),(455.35,95.3596),(469.249,181.022),(491.676,250.742),(484.443,273.57),(549.442,273.542),(556.247,263.086)
frame 318:(460.888,78.5444),(457.101,95.2907),(471.419,181.161),(493.431,250.941),(488.244,273.567),(552.511,273.53),(560.36,262.441)
frame 319:(462.006,78.5564),(458.491,95.3867),(473.684,181.054),(499.35,250.884),(491.62,273.644),(556.407,273.023),(564.284,260.7)
frame 320:(462.621,78.686),(459.752,95.5747),(475.689,181.142),(502.652,250.874),(494.946,273.733),(560.371,272.21),(567.662,259.689)
frame 321:(462.662,77.5417),(461.635,95.7447),(477.989,180.998),(505.888,250.708),(498.193,273.752),(562.674,272.265),(570.879,259.332)
frame 322:(466.2,79.1036),(464.344,95.6348),(479.064,179.413),(509.299,250.643),(501.015,273.874),(566.046,271.516),(573.492,259.13)
frame 323:(467.793,79.2692),(466.453,95.8181),(480.581,179.109),(510.287,250.593),(503.55,273.842),(568.302,271.455),(575.952,258.549)
frame 324:(469.4,79.5073),(468.326,95.7449),(482.02,177.614),(510.518,250.741),(505.522,274.176),(570.82,271.485),(577.901,258.945)
frame 325:(471.4,79.5073),(470.331,95.7929),(483.982,178.468),(512.798,250.738),(507.296,274.167),(573.214,271.447),(579.956,259.565)
frame 326:(472.832,79.5649),(472.175,96.067),(486.472,176.466),(513.774,251.302),(508.595,274.598),(575.385,271.938),(582.131,260.325)
frame 327:(474.9,79.5653),(473.871,96.3095),(488.611,176.723),(515.399,251.277),(509.788,274.895),(577.056,272.305),(583.344,261.292)
frame 328:(476.947,79.7055),(475.874,96.3106),(489.551,177.257),(517.198,251.463),(510.598,275.112),(578.135,272.742),(585.246,261.828)
frame 329:(479.534,79.9345),(477.811,96.5336),(490.969,177.661),(518.67,251.86),(511.551,275.4),(579.302,273.493),(586.53,262.659)
frame 330:(481.316,79.9343),(479.647,96.5642),(492.928,176.87),(519.814,252.132),(511.945,275.559),(580.85,274.348),(587.715,263.798)
frame 331:(482.767,80.1704),(478.71,97.7174),(493.774,177.248),(520.73,252.404),(512.77,275.688),(581.436,275.114),(589.061,264.848)
frame 332:(484.489,80.1993),(479.572,98.6833),(495.418,177.252),(521.71,252.917),(513.265,275.907),(582.199,276.212),(589.732,265.987)
frame 333:(485.877,80.3605),(482.457,97.7123),(496.663,177.443),(521.874,253.433),(513.712,276.244),(582.348,277.021),(591.26,265.979)
frame 334:(487.449,81.2176),(483.981,97.9713),(497.594,177.539),(522.669,254.069),(513.967,276.514),(583.332,277.933),(591.695,267.486)
frame 335:(489.746,81.2847),(485.219,97.9846),(498.45,178.24),(523.201,254.079),(514.18,276.768),(583.503,278.853),(592.159,269.051)
frame 336:(490.497,81.1152),(486.115,98.7411),(499.394,178.649),(523.563,254.623),(515.56,276.456),(584.241,279.805),(593.002,269.484)
frame 337:(491.821,81.596),(487.716,98.9641),(500.482,178.799),(523.839,254.907),(515.694,276.612),(584.209,280.545),(593.768,269.988)
frame 338:(494.248,81.8789),(488.384,99.4439),(501.522,178.84),(524.071,255.283),(515.676,276.847),(584.385,281.318),(594.536,270.778)
frame 339:(495.629,82.1386),(489.615,99.7188),(501.722,179.809),(524.27,255.69),(515.678,277.489),(584.516,282.258),(594.466,271.939)
frame 340:(496.735,82.4033),(491.677,99.5783),(502.514,179.814),(527.41,256.976),(515.567,277.865),(584.488,282.942),(594.427,272.897)
frame 341:(497.902,82.8837),(493,99.7868),(503.445,179.811),(527.546,257.402),(515.53,277.99),(584.47,283.951),(593.947,274.116)
frame 342:(498.836,82.9973),(491.828,101.641),(502.856,181.693),(527.569,257.862),(515.69,278.311),(584.627,285.149),(593.924,275.093)
frame 343:(499.815,83.5086),(493.026,101.382),(504.657,180.605),(528.082,258.763),(515.283,278.584),(584.634,285.83),(594.336,275.656)
frame 344:(501.042,83.7283),(494.881,101.396),(504.423,181.887),(528.642,259.621),(514.948,279.424),(584.588,287.078),(593.51,277.081)
frame 345:(502.219,84.2863),(496.561,101.297),(505.598,181.41),(528.334,259.786),(515.331,279.376),(584.417,287.66),(594.552,276.692)
frame 346:(503.025,84.3844),(496.217,102.298),(505.281,182.78),(528.654,260.402),(514.887,279.712),(586.192,288.652),(593.947,278.72)
frame 347:(504.288,84.929),(497.271,102.706),(505.957,182.767),(529.014,260.799),(514.837,280.024),(587.168,289.046),(593.761,279.697)
frame 348:(504.834,85.4163),(498.114,102.915),(506.873,182.848),(529.205,260.906),(514.843,280.017),(587.429,289.567),(593.656,280.675)
frame 349:(505.788,85.4226),(498.917,103.327),(506.881,183.815),(529.519,260.638),(514.956,280.157),(587.519,289.798),(594.61,280.908)
frame 350:(506.826,85.4421),(499.634,103.545),(507.805,183.638),(530.695,261.026),(515.832,280.022),(587.27,290.03),(595.39,281.296)
frame 351:(507.29,85.5065),(500.511,103.649),(508.594,183.877),(531.619,261.435),(516.352,279.588),(586.566,289.849),(595.979,282.053)
frame 352:(509.135,86.0814),(501.164,104.472),(509.948,183.807),(532.374,261.7),(516.837,279.521),(587.194,290.065),(596.839,282.298)
frame 353:(510.105,86.1102),(502.057,104.305),(510.917,183.624),(532.456,260.998),(516.832,279.519),(587.454,290.1),(597.064,282.688)
frame 354:(511.021,86.0948),(503.323,104.304),(511.816,183.674),(532.608,260.855),(516.655,279.639),(587.469,290.094),(597.71,282.836)
frame 355:(512.564,86.0021),(504.347,104.072),(512.913,183.809),(533.04,260.895),(516.873,279.668),(587.779,290.133),(597.71,282.836)
frame 356:(513.622,85.7509),(505.347,104.061),(513.986,183.331),(533.04,260.895),(516.873,279.668),(587.773,290.136),(597.767,282.892)
frame 357:(515.026,85.5105),(506.617,103.818),(515.423,182.975),(533.041,260.896),(516.873,279.668),(587.504,290.114),(597.707,282.718)
frame 358:(516.234,85.2836),(507.462,104.432),(515.712,183.118),(533.237,260.995),(516.514,280.052),(587.61,290.085),(597.562,282.744)
frame 359:(517.361,85.2734),(508.34,104.421),(516.693,182.905),(533.237,260.994),(516.658,279.824),(587.605,290.08),(597.367,282.717)
frame 360:(518.29,84.79),(510.891,102.404),(517.42,182.974),(533.237,260.995),(516.663,279.821),(587.604,290.08),(597.559,282.755)
frame 361:(519.228,84.5756),(512.826,101.456),(517.583,182.752),(533.237,260.994),(516.516,279.715),(587.605,290.079),(597.565,282.74)
frame 362:(520.345,84.2967),(512.791,101.676),(517.883,182.969),(533.237,260.994),(516.51,279.719),(587.352,290.079),(597.191,282.99)
frame 363:(522.052,83.6912),(514.362,101.039),(518.177,182.839),(533.473,261.209),(516.565,279.996),(587.352,290.079),(597.191,282.99)
frame 364:(523.146,83.6459),(515.22,100.901),(517.751,183.572),(533.413,261.413),(517.771,279.433),(587.506,290.106),(597.191,282.991)
frame 365:(523.471,83.6809),(515.709,100.922),(517.924,183.664),(533.413,261.412),(517.771,279.433),(587.506,290.106),(597.191,282.99)
frame 366:(525.093,83.3924),(514.416,101.712),(517.346,184.543),(533.184,261.478),(516.468,280.398),(587.045,289.674),(597.356,283.149)
frame 367:(525.581,83.2302),(514.686,101.658),(517.306,184.628),(533.184,261.478),(516.467,280.398),(587.045,289.674),(596.998,283.247)
frame 368:(526.304,83.2529),(516.379,100.779),(517.298,184.645),(533.251,261.941),(516.468,280.607),(586.804,289.692),(596.998,283.247)
frame 369:(527.037,83.2525),(515.682,101.673),(517.427,184.375),(533.252,261.942),(516.468,280.607),(586.804,289.692),(596.998,283.247)
frame 370:(527.615,83.291),(517.312,100.731),(517.375,184.481),(533.252,261.942),(516.469,280.607),(587.026,289.673),(596.998,283.247)
frame 371:(527.239,83.1981),(517.497,100.679),(517.372,184.488),(533.367,264.13),(516.469,280.607),(586.772,289.691),(596.998,283.247)
frame 372:(527.628,83.219),(517.825,100.8),(517.354,185.106),(533.367,264.13),(516.222,280.626),(586.772,289.69),(596.998,283.247)
frame 373:(530.213,82.3478),(518.52,100.658),(517.648,184.86),(533.367,264.13),(515.785,280.808),(586.753,289.598),(596.998,283.247)
frame 374:(529.599,82.9364),(518.601,100.762),(517.846,187.203),(533.345,264.277),(515.785,280.808),(586.752,289.595),(596.998,283.247)
frame 375:(530.334,82.6623),(519.297,100.629),(518.906,187.892),(533.33,264.431),(515.785,280.808),(586.752,289.595),(596.998,283.247)
frame 376:(530.114,82.8145),(520.384,100.551),(518.922,187.172),(533.339,264.219),(515.785,280.808),(586.74,289.328),(596.998,283.247)
frame 377:(531.129,82.5068),(520.645,100.73),(519.719,187.617),(533.339,264.219),(516.207,280.69),(586.74,289.328),(596.998,283.247)
frame 378:(531.055,82.7125),(520.945,100.85),(519.803,187.396),(533.521,265.031),(516.207,280.689),(586.74,289.328),(596.998,283.247)
frame 379:(529.714,80.7986),(521.798,100.733),(520.203,187.634),(533.318,264.429),(516.058,280.821),(586.702,289.518),(596.999,282.669)
frame 380:(530.485,81.4301),(522.356,100.704),(520.405,187.574),(533.339,264.219),(515.989,280.888),(586.702,289.518),(596.999,282.669)
frame 381:(531.678,81.5542),(522.819,100.689),(520.711,187.455),(533.318,264.429),(515.989,280.888),(586.702,289.518),(596.999,282.669)
frame 382:(534.112,82.9479),(524.771,99.7174),(521.576,188.166),(533.318,264.428),(515.988,280.889),(586.702,289.518),(596.999,282.669)
frame 383:(535.022,83.0496),(525.231,99.9462),(521.672,188.209),(533.318,264.428),(515.989,280.888),(586.702,289.518),(596.999,282.669)
frame 384:(533.12,81.3804),(525.371,100.251),(521.716,187.463),(533.315,264.143),(515.989,280.889),(586.702,289.518),(596.999,282.669)
frame 385:(533.943,81.2866),(526.099,100.632),(522.484,188.28),(533.278,264.422),(515.986,280.888),(586.702,289.519),(596.989,282.661)
frame 386:(534.864,81.2171),(527.744,99.8072),(522.398,188.402),(533.519,264.377),(515.986,280.888),(586.702,289.519),(596.989,282.661)
frame 387:(535.419,81.2553),(528.586,99.7825),(522.64,188.054),(533.519,264.377),(515.986,280.889),(586.7,289.519),(597.016,282.63)
frame 388:(536.793,81.6266),(528.498,100.401),(523.397,188.623),(533.53,264.638),(515.986,280.889),(586.698,289.52),(596.935,282.924)
frame 389:(537.24,81.5243),(528.697,100.685),(523.643,188.645),(533.776,264.326),(516.415,280.542),(586.697,289.52),(596.935,282.925)
frame 390:(537.821,81.5849),(531.033,99.8929),(523.859,188.858),(533.776,264.326),(516.415,280.541),(586.697,289.52),(597.255,282.86)
frame 391:(538.205,81.454),(531.801,99.8823),(523.873,188.885),(533.647,264.546),(516.415,280.541),(587.469,289.741),(597.255,282.86)
frame 392:(538.717,81.4468),(532.407,99.9899),(524.438,188.386),(533.636,264.58),(516.415,280.541),(587.469,289.741),(597.255,282.86)
frame 393:(540.108,81.6351),(533.258,99.9042),(524.745,188.502),(533.636,264.58),(516.415,280.541),(587.459,289.734),(597.255,282.86)
frame 394:(540.495,81.568),(534.767,99.7715),(525.453,189.226),(533.511,265.2),(515.964,280.678),(587.79,290.057),(597.185,282.633)
frame 395:(541.531,81.6458),(535.149,99.7668),(525.853,188.919),(534.116,264.938),(516.566,280.422),(587.79,290.057),(597.185,282.633)
frame 396:(541.916,81.3841),(534.882,100.201),(526.445,189.15),(534.116,264.937),(516.366,280.323),(587.939,290.271),(597.42,282.785)
frame 397:(543.605,82.1457),(535.624,100.22),(526.54,189.113),(534.116,264.937),(515.929,280.866),(587.922,290.265),(597.42,282.785)
frame 398:(544.029,81.3804),(536.226,100.386),(527.699,189.513),(534.116,264.937),(515.964,280.833),(587.922,290.265),(597.42,282.785)
frame 399:(544.898,81.5938),(539.812,100.394),(527.932,189.394),(534.093,265.371),(515.966,280.832),(587.922,290.265),(597.42,282.785)
frame 400:(545.564,81.4541),(540.184,100.264),(528.456,189.668),(534.093,265.371),(515.982,280.819),(587.669,290.255),(597.42,282.785)
frame 401:(546.558,81.4584),(541.586,100.522),(529.045,189.719),(534.093,265.371),(515.884,281.201),(587.936,290.267),(597.42,282.785)
frame 402:(547.422,81.606),(540.423,100.405),(529.248,189.917),(534.093,265.371),(515.883,281.201),(587.736,290.353),(597.523,282.812)
frame 403:(548.342,82.1017),(541.877,100.379),(529.44,189.813),(534.093,265.371),(515.878,281.212),(587.738,290.354),(597.535,282.935)
frame 404:(549.341,82.1168),(542.521,100.387),(529.923,189.835),(534.093,265.371),(515.878,281.212),(587.908,290.387),(597.355,282.935)
frame 405:(549.976,82.018),(543.256,100.373),(530.249,189.835),(534.093,265.371),(515.878,281.212),(587.908,290.387),(597.355,282.935)
frame 406:(550.721,82.202),(544.263,100.304),(530.531,190.252),(534.093,265.37),(515.777,281.359),(587.908,290.387),(597.355,282.935)
frame 407:(551.738,82.2364),(544.521,100.445),(530.777,190.26),(534.093,265.37),(515.777,281.359),(587.908,290.387),(597.355,282.935)
frame 408:(551.879,81.7135),(545.519,100.32),(531.261,190.152),(534.093,265.37),(516.435,280.473),(587.908,290.387),(597.355,282.935)
frame 409:(553.098,82.043),(546.376,100.628),(531.517,190.223),(534.093,265.37),(516.435,280.473),(587.908,290.387),(597.355,282.935)
frame 410:(553.667,81.9336),(547.091,100.615),(531.689,190.098),(531.875,268.236),(516.435,280.473),(587.908,290.387),(597.355,282.935)
frame 411:(554.586,82.1034),(547.491,100.311),(532.346,190.263),(531.903,268.222),(516.435,280.473),(587.908,290.387),(597.355,282.935)
frame 412:(555.189,82.3333),(548.318,100.637),(532.52,190.243),(531.848,268.263),(516.435,280.473),(587.909,290.389),(597.355,282.935)
frame 413:(555.459,82.0817),(548.695,100.616),(532.474,190.096),(531.848,268.263),(516.435,280.473),(587.911,290.387),(597.355,282.935)
frame 414:(555.835,81.7792),(549.458,100.646),(533.316,190.473),(531.848,268.263),(516.435,280.473),(588.209,290.402),(597.355,282.935)
frame 415:(557.486,82.7023),(549.829,100.616),(533.52,190.39),(531.848,268.263),(516.435,280.473),(587.899,290.384),(597.343,283.226)
frame 416:(558.557,83.2622),(550.383,100.606),(533.52,190.39),(531.848,268.263),(516.117,280.544),(587.899,290.384),(597.343,283.226)
frame 417:(558.41,82.2854),(550.858,100.589),(533.845,190.449),(531.843,268.265),(516.117,280.544),(587.896,290.383),(597.343,283.227)
frame 418:(558.338,81.9282),(551.19,100.854),(534.479,190.532),(532.115,268.232),(516.117,280.544),(587.891,290.381),(597.343,283.226)
frame 419:(559.059,82.3364),(551.616,100.608),(534.612,190.452),(532.115,268.232),(516.117,280.544),(587.891,290.381),(597.345,283.223)
frame 420:(559.67,82.6657),(552.389,100.619),(534.62,190.482),(532.091,267.947),(516.116,280.544),(587.891,290.381),(597.296,283.262)
frame 421:(559.985,82.161),(552.242,100.594),(534.799,190.412),(531.884,268.026),(515.806,280.751),(587.891,290.381),(597.267,283.254)
frame 422:(560.48,82.696),(553.521,100.678),(535.111,190.378),(531.884,268.026),(515.806,280.751),(587.891,290.381),(597.267,283.254)
frame 423:(560.691,82.4628),(553.747,100.676),(535.438,190.415),(531.884,268.026),(515.806,280.751),(587.892,290.381),(597.28,283.239)
frame 424:(561.584,82.8807),(554.053,100.732),(535.438,190.415),(531.871,268.034),(515.806,280.751),(587.896,290.373),(597.28,283.239)
frame 425:(561.599,82.6009),(554.326,100.754),(535.757,190.262),(531.871,268.034),(515.806,280.751),(587.893,290.371),(597.28,283.239)
frame 426:(562.364,82.9263),(554.841,100.823),(535.956,190.439),(532.627,267.619),(515.798,280.769),(587.723,290.306),(597.324,283.207)
frame 427:(562.604,82.9097),(555.194,100.837),(535.956,190.439),(532.435,267.556),(515.797,280.769),(587.718,290.304),(597.324,283.207)
frame 428:(562.775,83.0924),(555.195,100.838),(535.956,190.439),(532.673,267.591),(515.798,280.769),(587.719,290.305),(597.324,283.207)
frame 429:(563.698,83.2279),(555.588,100.833),(536.347,190.509),(532.673,267.591),(515.797,280.769),(587.717,290.304),(597.324,283.207)
frame 430:(563.852,83.1549),(555.85,100.807),(536.348,190.509),(532.673,267.591),(515.798,280.769),(587.695,290.291),(597.307,283.228)
frame 431:(564.423,83.3656),(556.149,100.8),(536.532,190.503),(532.673,267.591),(515.798,280.769),(587.695,290.291),(597.002,283.192)
frame 432:(564.672,83.2381),(556.414,100.821),(536.532,190.503),(532.64,267.61),(515.797,280.769),(587.696,290.291),(597.295,283.245)
frame 433:(564.355,82.913),(556.652,100.845),(536.531,190.503),(532.64,267.61),(515.797,280.769),(587.31,290.219),(597.257,283.492)
frame 434:(565.757,83.5507),(557.001,100.841),(536.676,190.373),(532.64,267.611),(515.662,280.664),(587.31,290.219),(597.257,283.492)
frame 435:(564.659,82.6557),(557.39,100.905),(536.676,190.373),(532.639,267.611),(515.82,280.733),(587.31,290.218),(597.257,283.492)
frame 436:(565.412,83.4443),(557.412,100.843),(536.676,190.373),(532.639,267.611),(515.612,280.699),(587.31,290.218),(597.251,283.493)
frame 437:(565.314,83.3515),(558.054,100.876),(536.983,190.431),(532.395,267.352),(515.612,280.699),(587.311,290.218),(597.251,283.493)
frame 438:(565.77,83.3292),(558.652,101.381),(536.985,190.45),(532.493,267.502),(515.711,280.772),(587.311,290.218),(597.274,283.474)
frame 439:(566.238,83.2698),(559.303,101.446),(536.958,190.419),(532.493,267.502),(515.659,280.854),(587.474,290.293),(597.204,283.488)
frame 440:(566.882,83.1751),(559.202,101.427),(537.239,190.374),(532.493,267.502),(515.659,280.854),(587.474,290.293),(597.204,283.488)
frame 441:(567.563,83.5261),(559.229,101.244),(537.239,190.374),(532.493,267.501),(515.659,280.855),(587.474,290.294),(597.204,283.488)
frame 442:(567.695,83.7164),(559.403,101.225),(537.274,190.416),(532.493,267.501),(515.662,280.852),(587.47,290.292),(597.204,283.488)
frame 443:(567.814,83.6079),(558.423,100.997),(537.57,190.495),(532.493,267.501),(515.662,280.852),(587.264,290.307),(597.211,283.482)
frame 444:(567.767,83.2613),(560.13,101.262),(537.735,190.367),(532.328,267.822),(515.662,280.852),(587.466,290.291),(597.211,283.482)
frame 445:(567.905,83.1193),(560.294,101.43),(537.734,190.367),(532.44,267.743),(515.708,280.696),(587.341,290.438),(597.229,283.688)
frame 446:(568.724,83.4529),(560.369,101.357),(537.965,190.398),(532.487,267.508),(515.708,280.696),(587.106,290.448),(597.212,283.482)
frame 447:(568.753,83.4904),(559.639,101.118),(538.031,190.464),(532.487,267.509),(515.708,280.696),(587.106,290.448),(597.231,283.677)
frame 448:(569.486,83.7768),(561.404,101.49),(537.14,187.991),(532.487,267.509),(515.564,280.503),(587.343,290.502),(597.231,283.677)
frame 449:(569.712,83.8027),(561.583,101.479),(537.405,187.899),(532.487,267.509),(515.565,280.503),(587.341,290.502),(597.231,283.677)
frame 450:(570.55,84.3996),(560.54,100.807),(538.54,190.48),(532.603,267.478),(515.344,280.648),(587.206,290.428),(596.78,283.805)
frame 451:(570.55,84.3999),(560.569,100.838),(538.795,190.494),(532.56,267.68),(515.344,280.648),(587.206,290.428),(596.796,283.79)
frame 452:(571.309,84.406),(561.671,100.861),(538.797,190.496),(532.566,267.673),(515.344,280.648),(587.206,290.428),(596.778,283.805)
frame 453:(571.59,84.3828),(560.96,100.816),(538.772,190.387),(532.569,267.667),(515.344,280.648),(587.207,290.428),(596.778,283.806)
frame 454:(571.542,84.3335),(562.67,101.244),(538.72,190.309),(532.568,267.668),(515.375,280.9),(587.16,290.62),(597.045,283.779)
frame 455:(572.364,84.4354),(562.637,101.182),(538.695,190.286),(532.568,267.668),(514.943,281.063),(587.157,290.598),(597.311,284.065)
frame 456:(572.733,84.3236),(560.311,101.889),(538.764,189.542),(532.327,267.687),(515.405,280.629),(587.369,290.607),(597.545,283.832)
frame 457:(573.004,84.7758),(560.489,101.515),(538.846,190.042),(532.327,267.687),(515.597,280.406),(587.075,290.594),(597.519,283.844)
frame 458:(572.304,83.079),(560.557,101.844),(539.12,189.67),(532.327,267.687),(515.575,280.628),(587.096,